Flags,IntendedVsync,Vsync,OldestInputEvent,NewestInputEvent,HandleInputStart,AnimationStart,PerformTraversalsStart,DrawStart,SyncQueued,SyncStart,IssueDrawCommandsStart,SwapBuffers,FrameCompleted,DequeueBufferDuration,QueueBufferDuration,
0,31931873857426,31931873857426,9223372036854775807,0,31931874620225,31931874677350,31931874686142,31931874829183,31931875604350,31931876157600,31631693141249,31631695841499,31631697016457,388000,568000,
0,31931890523916,31931890523916,9223372036854775807,0,31931891256517,31931891314725,31931891323475,31931891465642,31931892670725,31931892877308,31631709841124,31631712690124,31631713771124,399000,581000,
0,31931907190071,31931907190071,9223372036854775807,0,31931907930225,31931907986058,31931907995225,31931908299475,31931909090225,31931909288225,31631725751040,31631728794624,31631730234457,513000,850000,
0,31931923854921,31931923854921,9223372036854775807,0,31931924763267,31931924819642,31931924828058,31931924971392,31931925739600,31931925937558,31631742369540,31631745400374,31631746635749,407000,713000,
0,31931940533351,31931940533351,9223372036854775807,0,31931941199308,31931941258642,31931941267142,31931941411350,31931942520642,31931942745725,31631759794749,31631762648290,31631763762707,526000,621000,
0,31931957199935,31931957199935,9223372036854775807,0,31931957917892,31931957975892,31931957984600,31931958130517,31931959036267,31931959234808,31631776498665,31631779361665,31631781018207,431000,1127000,
0,31931973866599,31931973866599,9223372036854775807,0,31931974649017,31931974706475,31931974715558,31931974863017,31931975626933,31931975835017,31631792200582,31631794960624,31631796163665,412000,711000,
0,31931990533350,31931990533350,9223372036854775807,0,31931991207350,31931991263433,31931991272225,31931991412892,31931992351017,31931992750142,31631808849707,31631811559290,31631812789290,328000,749000,
0,31932007200155,31932007200155,9223372036854775807,0,31932007910600,31932007967100,31932007975558,31932008302017,31932009108142,31932009314725,31631825720790,31631828544040,31631829583540,363000,540000,
0,31932023865818,31932023865818,9223372036854775807,0,31932024648308,31932024696058,31932024702808,31932024827517,31932025510600,31932025685308,31631842052332,31631845093540,31631846212124,518000,603000,
0,31932040532644,31932040532644,9223372036854775807,0,31932041148892,31932041197933,31932041204558,31932041332058,31932041923642,31932042116725,31631859513915,31631862545540,31631863896957,338000,823000,
0,31932057199209,31932057199209,9223372036854775807,0,31932057823433,31932057871683,31932057878225,31932058002017,31932058701475,31932058959392,31631875412165,31631878247624,31631879310665,399000,564000,
0,31932073866018,31932073866018,9223372036854775807,0,31932074545475,31932074591725,31932074598100,31932074723433,31932075333100,31932075507058,31631892768124,31631895426332,31631896656749,355000,714000,
0,31932090533124,31932090533124,9223372036854775807,0,31932091140850,31932091187933,31932091194558,31932091321225,31932091935475,31932092399058,31631909121582,31631911942540,31631913103499,454000,499000,
0,31932107200009,31932107200009,9223372036854775807,0,31932107829100,31932107876600,31932107883017,31932108172600,31932108806975,31932109286475,31631926372124,31631929184040,31631930360332,371000,511000,
0,31932123863037,31932123863037,9223372036854775807,0,31932125207642,31932125301100,31932125317850,31932125547058,31932126676308,31932126984433,31631942299790,31631945213332,31631946443999,442000,717000,
0,31932140527650,31932140527650,9223372036854775807,0,31932141677683,31932141774100,31932141791433,31932142017933,31932143143142,31932143709308,31631958924249,31631962480374,31631963529207,360000,533000,
0,31932157193255,31932157193255,9223372036854775807,0,31932158296392,31932158389850,31932158406975,31932158634017,31932159772767,31932160392683,31631976325124,31631979217290,31631980515915,426000,783000,
0,31932173858780,31932173858780,9223372036854775807,0,31932174945183,31932175037433,31932175054683,31932175280725,31932176566183,31932177177392,31631992616332,31631995311624,31631996539499,355000,717000,
0,31932190524164,31932190524164,9223372036854775807,0,31932191639267,31932191732642,31932191750142,31932191974267,31932193338975,31932194270517,31632718923916,31632721931207,31632722949457,525000,618000,
0,31932207189298,31932207189298,9223372036854775807,0,31932208626059,31932208723350,31932208740809,31932208980350,31932210656184,31932210982600,31641610666212,31641613203003,31641614565837,450000,943000,
0,31932223855163,31932223855163,9223372036854775807,0,31932224657892,31932224716184,31932224724934,31932224871392,31932225562975,31932225696100,31641626005962,31641628913587,31641629895462,465000,519000,
0,31932240521978,31932240521978,9223372036854775807,0,31932241250059,31932241308684,31932241317184,31932241464184,31932241692017,31932241918559,31641643546503,31641646072503,31641647095962,294000,550000,
0,31932707191849,31932707191849,9223372036854775807,0,31932707587725,31932707617517,31932707620642,31932707699559,31932708331059,31932708479059,31641659665962,31641662810253,31641669758878,492000,6389000,
0,31941849551696,31941849551696,9223372036854775807,0,31941850302855,31941850360605,31941850369063,31941850807063,31941852684771,31941852922771,31641676804045,31641679502212,31641685171087,442000,5166000,
0,31941873847406,31941873847406,9223372036854775807,0,31941874596355,31941874654021,31941874662480,31941874809063,31941875603063,31941875814355,31641694259337,31641697104587,31641701775212,472000,4158000,
0,31941890514197,31941890514197,9223372036854775807,0,31941891224230,31941891280730,31941891289480,31941891431730,31941892513146,31941892710855,31641711072378,31641714028212,31641718436295,577000,3944000,
0,31941907181011,31941907181011,9223372036854775807,0,31941907894688,31941907950771,31941907959480,31941908227896,31941909030896,31941909231063,31641727637462,31641730872503,31641735316670,641000,3944000,
0,31941923846562,31941923846562,9223372036854775807,0,31941924665313,31941924723813,31941924732730,31941924875563,31941925651105,31941925855105,31641744618753,31641747362712,31641751982170,335000,4139000,
0,31941940518085,31941940518085,9223372036854775807,0,31941941113355,31941941164271,31941941170980,31941941299355,31941941968313,31941942149105,31641760331170,31641763278712,31641768430128,475000,4659000,
0,31941957185409,31941957185409,9223372036854775807,0,31941957804480,31941957853771,31941957860313,31941957986771,31941958670480,31941958846855,31641777553753,31641780479712,31641785055962,391000,4081000,
0,31941973852683,31941973852683,9223372036854775807,0,31941974444813,31941974493230,31941974499646,31941974625521,31941975307271,31941975475730,31641794200712,31641797042587,31641801818920,319000,4184000,
0,31941990520081,31941990520081,9223372036854775807,0,31941991109980,31941991156397,31941991163022,31941991285897,31941991989480,31941992191438,31641810608920,31641813339545,31641818344003,392000,4478000,
0,31942007187240,31942007187240,9223372036854775807,0,31942007803313,31942007851480,31942007858105,31942007982480,31942008933522,31942009112397,31641826969587,31641830112045,31641839898920,386000,9163000,
0,31942023854482,31942023854482,9223372036854775807,0,31942024490313,31942024539438,31942024545980,31942024670897,31942025344397,31942025512480,31641844107878,31641851538420,31641860530920,2606000,8463000,
0,31942040521179,31942040521179,9223372036854775807,0,31942041190397,31942041238730,31942041245313,31942041373313,31942041993480,31942042176147,31641868958837,31641879204545,31641880551253,7653000,860000,
0,31942057188012,31942057188012,9223372036854775807,0,31942058313813,31942058362480,31942058368980,31942058488313,31942059213355,31942059365188,31641893582128,31641896608795,31641903446503,488000,6308000,
0,31942073854840,31942073854840,9223372036854775807,0,31942074538105,31942074584147,31942074590563,31942074713397,31942075317605,31942075525980,31641909985920,31641912830337,31641918361962,374000,5030000,
0,31942090521924,31942090521924,9223372036854775807,0,31942091088355,31942091125147,31942091129647,31942091225730,31942091716855,31942091847313,31641926621128,31641929546378,31641936437337,450000,6431000,
0,31942107189248,31942107189248,9223372036854775807,0,31942107723813,31942107761730,31942107766313,31942107865980,31942108523647,31942108641480,31641943218628,31641946001670,31641952464670,316000,5903000,
0,31942123856533,31942123856533,9223372036854775807,0,31942124500063,31942124537647,31942124541938,31942124640563,31942125116605,31942125271355,31641959872503,31641962847628,31641968495128,471000,5089000,
0,31942140521621,31942140521621,9223372036854775807,0,31942141178688,31942141215730,31942141220313,31942141316313,31942141831355,31942141984438,31641976894878,31641979734295,31641985379420,478000,5017000,
0,31942157189092,31942157189092,9223372036854775807,0,31942157688688,31942157726772,31942157731522,31942157832147,31942158321355,31942158447063,31641993705670,31641996873003,31642002062712,447000,4622000,
0,31942173856505,31942173856505,9223372036854775807,0,31942174335647,31942174372938,31942174377397,31942174474147,31942175034313,31942175233605,31591942489146,31591945477105,31591951517730,464000,5534000,
0,31942190524097,31942190524097,9223372036854775807,0,31942191025313,31942191063647,31942191068230,31942191167813,31942191635855,31942191760813,31591958632396,31591962108230,31591968267021,914000,5640000,
0,31942207191687,31942207191687,9223372036854775807,0,31942207642105,31942207678772,31942207683522,31942207780438,31942208327522,31942208442730,31601577812068,31601580675568,31601582153484,391000,991000,
0,31942223858962,31942223858962,9223372036854775807,0,31942224446563,31942224481980,31942224486438,31942224580647,31942225024980,31942225182022,31601592459984,31601595769609,31601597092109,387000,600000,
0,31942240524560,31942240524560,9223372036854775807,0,31942241147272,31942241185022,31942241189563,31942241287980,31942241466272,31942241627938,31601609574526,31601612716484,31601613777859,493000,575000,
0,31951857204553,31951857204553,9223372036854775807,0,31951857640068,31951857678901,31951857683485,31951857989651,31951859005318,31951859159610,31601627291318,31601630365568,31601635320901,429000,4443000,
0,31951873871977,31951873871977,9223372036854775807,0,31951874314485,31951874350901,31951874355360,31951874453985,31951874961568,31951875099193,31601643863734,31601646787401,31601651437901,563000,4134000,
0,31951890539255,31951890539255,9223372036854775807,0,31951891018526,31951891055693,31951891060068,31951891155318,31951891819068,31951891942568,31601660573901,31601663379943,31601668187901,433000,4299000,
0,31951907206552,31951907206552,9223372036854775807,0,31951907692401,31951907731026,31951907735526,31951907832151,31951908443443,31951908646276,31601676345734,31601679334443,31601684920443,416000,5055000,
0,31951923873813,31951923873813,9223372036854775807,0,31951924426401,31951924464276,31951924468610,31951924568485,31951925097485,31951925229610,31601693498984,31601696635818,31601701347234,504000,4200000,
0,31951940527337,31951940527337,9223372036854775807,0,31951940987943,31951941024026,31951941028568,31951941124110,31951941684568,31951941815235,31601709559609,31601712558818,31601718063401,378000,5008000,
0,31951957190062,31951957190062,9223372036854775807,0,31951958417318,31951958510860,31951958527693,31951958755485,31951961096235,31951961400943,31601726126526,31601729299859,31601734799526,447000,4996000,
0,31951973853929,31951973853929,9223372036854775807,0,31951974727151,31951974784818,31951974793485,31951974939276,31951975714776,31951975923568,31601742674276,31601745707901,31601751385734,450000,5053000,
0,31951990518328,31951990518328,9223372036854775807,0,31951991261693,31951991317985,31951991327568,31951991473276,31951992895110,31951993078068,31601759758609,31601762749276,31601768128234,489000,4767000,
0,31952007182256,31952007182256,9223372036854775807,0,31952007945443,31952008205526,31952008216485,31952008374568,31952009158193,31952009366026,31601777338776,31601780388318,31601784802818,404000,3918000,
0,31952023845215,31952023845215,9223372036854775807,0,31952024744485,31952024803110,31952024812110,31952024958068,31952025713110,31952025910318,31601793494068,31601796593318,31601801505484,455000,4389000,
0,31952040509737,31952040509737,9223372036854775807,0,31952041214193,31952041270235,31952041278610,31952041422235,31952042112901,31952042350818,31601810358776,31601813307568,31601818024734,437000,4210000,
0,31952057174052,31952057174052,9223372036854775807,0,31952057941110,31952057998443,31952058007526,31952058151276,31952058801610,31952058980235,31601826577109,31601829489984,31601834714693,419000,4733000,
0,31952073837897,31952073837897,9223372036854775807,0,31952074655568,31952074710776,31952074719693,31952074866360,31952075605860,31952075823568,31601843938151,31601847104443,31601851567526,518000,3931000,
0,31952090502310,31952090502310,9223372036854775807,0,31952091229735,31952091286651,31952091295485,31952091442401,31952092265401,31952092484818,31601860876401,31601863639859,31601868111693,363000,3733000,
0,31952107166766,31952107166766,9223372036854775807,0,31952107903443,31952107960110,31952107968610,31952108178318,31952108937860,31952109141651,31601877392234,31601880390318,31601884746484,407000,3863000,
0,31952123828539,31952123828539,9223372036854775807,0,31952124733401,31952124791568,31952124800526,31952124944901,31952125670568,31952125884485,31601894124193,31601897076734,31601901429609,405000,3846000,
0,31952140493087,31952140493087,9223372036854775807,0,31952141148735,31952141196776,31952141203443,31952141329735,31952141935485,31952142136110,31601910267401,31601913334943,31601918142401,434000,4297000,
0,31952157157930,31952157157930,9223372036854775807,0,31952157774110,31952157822193,31952157828776,31952157955026,31952158553151,31952158738776,31601925912734,31601929023443,31601934681568,614000,5147000,
0,31952173822915,31952173822915,9223372036854775807,0,31952174444193,31952174491818,31952174498360,31952174624443,31952175342568,31952175506901,31601943292901,31601946139776,31601951440193,368000,4793000,
0,31952190487690,31952190487690,9223372036854775807,0,31952191127068,31952191174318,31952191180818,31952191307110,31952191991151,31952192264193,31601959497151,31601962468609,31601968281026,434000,5266000,
0,31952207152448,31952207152448,9223372036854775807,0,31952207834901,31952207883485,31952207890276,31952208102693,31952208729193,31952208921901,31611588500364,31611592509947,31611594610072,473000,862000,
0,31952223817328,31952223817328,9223372036854775807,0,31952224492193,31952224540068,31952224546526,31952224675110,31952225251318,31952225372735,31611609593322,31611613310697,31611614808989,434000,823000,
0,31952240481434,31952240481434,9223372036854775807,0,31952241160276,31952241208526,31952241214860,31952241341901,31952241553360,31952241750943,31611627386572,31611631199197,31611632697281,502000,890000,
0,31961866222612,31961866222612,9223372036854775807,0,31961866827239,31961866874114,31961866880698,31961867267781,31961868748489,31961868909323,31611643380531,31611647210197,31611652255114,492000,4221000,
0,31961890529741,31961890529741,9223372036854775807,0,31961890995198,31961891031823,31961891036239,31961891137948,31961891663448,31961891792364,31611660916614,31611664669364,31611668217364,454000,2899000,
0,31961907197154,31961907197154,9223372036854775807,0,31961907694989,31961907730948,31961907735239,31961907835198,31961908480323,31961908611239,31611677617406,31611681361322,31611685097531,462000,3079000,
0,31961923864354,31961923864354,9223372036854775807,0,31961924416614,31961924452823,31961924457698,31961924556823,31961925204864,31961925330198,31611694082864,31611697073281,31611701506989,382000,3938000,
0,31961940530643,31961940530643,9223372036854775807,0,31961941061073,31961941098073,31961941102614,31961941206989,31961941726406,31961941918448,31611709810697,31611712824031,31611718110281,383000,4797000,
0,31961957194463,31961957194463,9223372036854775807,0,31961957749989,31961957799239,31961957805823,31961957934239,31961958904448,31961959069031,31611726815614,31611729682656,31611734718239,382000,4523000,
0,31961973860806,31961973860806,9223372036854775807,0,31961974505739,31961974553031,31961974559448,31961974686489,31961975506698,31961975683281,31611743417114,31611746323531,31611751635572,382000,4808000,
0,31961990527012,31961990527012,9223372036854775807,0,31961991157031,31961991203948,31961991210573,31961991336448,31961992112614,31961992291073,31611759856947,31611762903864,31611768204489,504000,4808000,
0,31962007193063,31962007193063,9223372036854775807,0,31962007826656,31962007874198,31962007880948,31962007999531,31962008937281,31962009101156,31611776835739,31611779816447,31611784756531,380000,4257000,
0,31962023858418,31962023858418,9223372036854775807,0,31962024520364,31962024567364,31962024574198,31962024701406,31962025525614,31962025697406,31611793201822,31611796179864,31611801386947,359000,4691000,
0,31962040524405,31962040524405,9223372036854775807,0,31962041205198,31962041254948,31962041261448,31962041471823,31962042169364,31962042347948,31611809462614,31611812746364,31611818067156,525000,4831000,
0,31962057190401,31962057190401,9223372036854775807,0,31962057848781,31962057897823,31962057904114,31962058030114,31962058629656,31962058911323,31611825934322,31611829043239,31611834825197,609000,5280000,
0,31962073856424,31962073856424,9223372036854775807,0,31962074530489,31962074577906,31962074584698,31962074710823,31962075310489,31962075555573,31611843088197,31611846065322,31611851343781,419000,4673000,
0,31962090522609,31962090522609,9223372036854775807,0,31962091106989,31962091153698,31962091160198,31962091289573,31962092228614,31962092445656,31611860392739,31611863601531,31611868259864,439000,4042000,
0,31962107188676,31962107188676,9223372036854775807,0,31962107819739,31962107866906,31962107873573,31962108092073,31962109167781,31962109374114,31611875712572,31611878989156,31611884850739,897000,5373000,
0,31962123854874,31962123854874,9223372036854775807,0,31962124536239,31962124584823,31962124591573,31962124719906,31962125689864,31962125896281,31611892732697,31611895624906,31611901473864,520000,5248000,
0,31962140520578,31962140520578,9223372036854775807,0,31962141164114,31962141211531,31962141218489,31962141345489,31962142185281,31962142351656,31611909243906,31611912264072,31611918065447,512000,5307000,
0,31962157185453,31962157185453,9223372036854775807,0,31962158359656,31962158455614,31962158472406,31962158703489,31962161121489,31962161574739,31611926526656,31611929436364,31611934831322,368000,4878000,
0,31962173850000,31962173850000,9223372036854775807,0,31962175109198,31962175203323,31962175220073,31962175449406,31962177875781,31962178335864,31611942902156,31611945871239,31611951447031,420000,4943000,
0,31962190515235,31962190515235,9223372036854775807,0,31962191273739,31962191329906,31962191338323,31962191485656,31962193000531,31962193262531,31611959138822,31611962201447,31611968126406,590000,5358000,
0,31962207181183,31962207181183,9223372036854775807,0,31962207896573,31962207954031,31962207962698,31962208203031,31962209422323,31962209761364,31611975299781,31611979168281,31611984920156,1225000,5239000,
0,31962223845904,31962223845904,9223372036854775807,0,31962224685281,31962224742489,31962224751323,31962224901198,31962226002156,31962226242073,31621601604369,31621608940452,31621611055035,1025000,1417000,
0,31962240511626,31962240511626,9223372036854775807,0,31962241250031,31962241305823,31962241314656,31962241457489,31962242124114,31962242355239,31621613245285,31621617184160,31621640205577,563000,22419000,
0,31962257177537,31962257177537,9223372036854775807,0,31962257930198,31962257986948,31962257995781,31962258142656,31962258387406,31962258639989,31621641398160,31621645237369,31621666683910,1385000,20947000,
0,31971866223123,31971866223123,9223372036854775807,0,31971866885036,31971866942369,31971866951161,31971867389827,31971869563202,31971869887577,31621667263160,31621678283619,31621692970910,8660000,14200000,
0,31971890530142,31971890530142,9223372036854775807,0,31971891899619,31971891956661,31971891965411,31971892223744,31971893007244,31971893214661,31621695220035,31621712163910,31621714895494,14442000,2001000,
0,31971907196257,31971907196257,9223372036854775807,0,31971907930869,31971907986827,31971907995327,31971908289619,31971909069952,31971909285161,31621715552410,31621730874619,31621731935910,12073000,607000,
0,31971923861943,31971923861943,9223372036854775807,0,31971924797744,31971924855869,31971924864327,31971925010577,31971925779619,31971925974161,31621732693577,31621747392119,31621748659160,11376000,831000,
0,31971940528701,31971940528701,9223372036854775807,0,31971941233452,31971941288911,31971941297661,31971941443327,31971942224952,31971942420452,31621749271827,31621764159869,31621765237785,11595000,620000,
0,31971957200662,31971957200662,9223372036854775807,0,31971957830869,31971957887244,31971957896369,31971958042827,31971958833244,31971959153536,31621765837577,31621780747285,31621781782494,11423000,607000,
0,31971973867258,31971973867258,9223372036854775807,0,31971974564786,31971974620161,31971974628744,31971974777827,31971975542619,31971975831577,31621782389827,31621797606535,31621798666160,11629000,618000,
0,31971990533710,31971990533710,9223372036854775807,0,31971991275661,31971991333286,31971991342119,31971991488452,31971992595369,31971992787494,31621799264619,31621814163994,31621815238202,11390000,540000,
0,31972007199955,31972007199955,9223372036854775807,0,31972007920327,31972007975327,31972007983994,31972008249452,31972009097161,31972009316661,31621815837994,31621831339161,31621832593661,12023000,799000,
0,31972023864809,31972023864809,9223372036854775807,0,31972024708369,31972024765411,31972024774119,31972024920411,31972025715077,31972025910786,31621833196494,31621847017536,31621848355036,10534000,833000,
0,31972040531183,31972040531183,9223372036854775807,0,31972041249202,31972041306077,31972041314577,31972041458869,31972042207661,31972042405536,31621848959869,31621864161577,31621865194952,11731000,602000,
0,31972057197764,31972057197764,9223372036854775807,0,31972057914536,31972057972078,31972057980786,31972058124494,31972058826494,31972059050994,31621865794494,31621881852661,31621883184286,11913000,753000,
0,31972073864160,31972073864160,9223372036854775807,0,31972074635703,31972074693244,31972074701869,31972074847786,31972075705828,31972075900536,31621883794869,31621897761452,31621898944702,10246000,733000,
0,31972090530364,31972090530364,9223372036854775807,0,31972091308244,31972091366286,31972091375161,31972091518494,31972092522453,31972092711036,31621899535994,31621915810911,31621917640327,12009000,1065000,
0,31972107196683,31972107196683,9223372036854775807,0,31972107917161,31972107973828,31972107982661,31972108244161,31972108955953,31972109164161,31621918163911,31621930090661,31621931276286,8820000,520000,
0,31972123862086,31972123862086,9223372036854775807,0,31972124628953,31972124685869,31972124694536,31972124835203,31972125532744,31972125742369,31621931760577,31621947163619,31621948306036,12048000,592000,
0,31972140528636,31972140528636,9223372036854775807,0,31972141295994,31972141352828,31972141361203,31972141503828,31972142211244,31972142350494,31621948795911,31621962906119,31621964456661,11367000,905000,
0,31972157195195,31972157195195,9223372036854775807,0,31972157907661,31972157964828,31972157973453,31972158119703,31972158931036,31972159167536,31621964941286,31621979580036,31621980879327,11707000,457000,
0,31972173861777,31972173861777,9223372036854775807,0,31972174596578,31972174653744,31972174662203,31972174808453,31972175496953,31972175722578,31621981360369,31621996478161,31621997676952,12044000,520000,
0,31972190528288,31972190528288,9223372036854775807,0,31972191234244,31972191291994,31972191300744,31972191443619,31972192510286,31972192701786,31631603947332,31631606801665,31631608301123,479000,1029000,
0,31972207194724,31972207194724,9223372036854775807,0,31972207927994,31972207985244,31972207993786,31972208336453,31972209059369,31972209282161,31631625762540,31631628656915,31631630140790,353000,950000,
0,31972223860712,31972223860712,9223372036854775807,0,31972224693328,31972224750869,31972224759244,31972224903244,31972225661869,31972225878994,31631642386582,31631645468624,31631646822082,355000,843000,
0,31972240526904,31972240526904,9223372036854775807,0,31972241296578,31972241352369,31972241360786,31972241508411,31972242180036,31972242325869,31631659622624,31631662538249,31631663829290,452000,784000,
0,31972257192869,31972257192869,9223372036854775807,0,31972257970661,31972258025703,31972258034203,31972258179953,31972258411828,31972258687661,31631676147332,31631678954290,31631680085582,357000,591000,
